q1	q2	q3	q4	Такт(q5) q1-old	q2-old	q3-old	q4-old	h1	     h2      h3      h4
0	0	0	0	0	       0	 0	       0	   0	 0	     0	     0	     0
1	1	1	1	1	       0	 0	       0	   0	 1	     1	     1	     1
1	1	1	1	0	       1	 1	       1	   1	 0	     0	     0	     0
0	1	1	1	1	       1	 1	       1	   1	 1	     0	     0	     0
0	1	1	1	0	       0	 1	       1	   1	 0	     0	     0	     0
1	0	1	1	1	       0	 1	       1	   1	 1	     1	     0	     0
1	0	1	1	0	       1	 0	       1	   1	 0	     0	     0	     0
0	0	1	1	1	       1	 0	       1	   1	 1	     0	     0	     0
0	0	1	1	0	       0	 0	       1	   1	 0	     0	     0	     0
1	1	0	1	1	       0	 0	       1	   1	 1	     1	     1	     0
1	1	0	1	0	       1	 1	       0	   1	 0	     0	     0	     0
0	1	0	1	1	       1	 1	       0	   1	 1	     0	     0	     0
0	1	0	1	0	       0	 1	       0	   1	 0	     0	     0	     0
1	0	0	1	1	       0	 1	       0	   1	 1	     1	     0	     0
1	0	0	1	0	       1	 0	       0	   1	 0	     0	     0	     0
0	0	0	1	1	       1	 0	       0	   1	 1	     0	     0	     0
0	0	0	1	0	       0	 0	       0	   1	 0	     0	     0	     0
1	1	1	0	1	       0	 0	       0	   1	 1	     1	     1	     1
1	1	1	0	0	       1	 1	       1	   0	 0	     0	     0	     0
0	1	1	0	1	       1	 1	       1	   0	 1	     0	     0	     0
0	1	1	0	0	       0	 1	       1	   0	 0	     0	     0	     0
1	0	1	0	1	       0	 1	       1	   0	 1	     1	     0	     0
1	0	1	0	0	       1	 0	       1	   0	 0	     0	     0	     0
0	0	1	0	1	       1	 0	       1	   0	 1	     0	     0	     0
0	0	1	0	0	       0	 0	       1	   0	 0	     0	     0	     0
1	1	0	0	1	       0	 0	       1	   0	 1	     1	     1	     0
1	1	0	0	0	       1	 1	       0	   0	 0	     0	     0	     0
0	1	0	0	1	       1	 1	       0	   0	 1	     0	     0	     0
0	1	0	0	0	       0	 1	       0	   0	 0	     0	     0	     0
1	0	0	0	1	       0	 1	       0	   0	 1	     1	     0	     0
1	0	0	0	0	       1	 0	       0	   0	 0	     0	     0	     0
0	0	0	0	1	       1	 0	       0	   0	 1	     0	     0	     0



h1 = (!q1*!q2*!q3*!q4*q5)+(q1*q2*q3*q4*q5)+(!q1*q2*q3*q4*q5)+(q1*!q2*q3*q4*q5)+(!q1*!q2*q3*q4*q5)+(q1*q2*!q3*q4*q5)+(!q1*q2*!q3*q4*q5)+(q1*!q2*!q3*q4*q5)+(!q1*!q2*!q3*q4*q5)+(q1*q2*q3*!q4*q5)+(!q1*q2*q3*!q4*q5)+(q1*!q2*q3*!q4*q5)+(!q1*!q2*q3*!q4*q5)+(q1*q2*!q3*!q4*q5)+(!q1*q2*!q3*!q4*q5)+(q1*!q2*!q3*!q4*q5) -> q5
h2 = (!q1*!q2*!q3*!q4*q5)+(!q1*q2*q3*q4*q5)+(!q1*!q2*q3*q4*q5)+(!q1*q2*!q3*q4*q5)+(!q1*!q2*!q3*q4*q5)+(!q1*q2*q3*!q4*q5)+(!q1*!q2*q3*!q4*q5)+(!q1*q2*!q3*!q4*q5) -> (q5*!q1)
h3 = (!q1*!q2*!q3*!q4*q5)+(!q1*!q2*q3*q4*q5)+(!q1*!q2*!q3*q4*q5)+(!q1*!q2*q3*!q4*q5) -> (q5*!q2*!q1)
h4 = (!q1*!q2*!q3*!q4*q5)+(!q1*!q2*!q3*q4*q5) -> (q5*!q3*!q2*!q1)